true entropy:  16.609640474436816
fingerprint:  [9094  430   14    1]
fingerprint size:  4
k:  10000
wind for 1: [1, 2]
sum:  9524
2 * sqrt(i):  2.0
wind for 2: [1, 4]
sum:  9539
2 * sqrt(i):  2.8284271247461903
wind for 3: [1, 4]
sum:  9539
2 * sqrt(i):  3.4641016151377544
wind for 4: [2, 4]
sum:  445
2 * sqrt(i):  4.0
fLP:  [9094  430   14    1]
probx after first:  [0]
histx after first:  [0]
positive_indices:  [0 1 2 3]
fmax:  4
LPmass:  1
fLP after append:  [9094  430   14    1    0    0]
xLPmin:  1e-08
xLPmax:  0.0004
gridFactor:  1.1
[  0   1   2   3   4   5   6   7   8   9  10  11  12  13  14  15  16  17
  18  19  20  21  22  23  24  25  26  27  28  29  30  31  32  33  34  35
  36  37  38  39  40  41  42  43  44  45  46  47  48  49  50  51  52  53
  54  55  56  57  58  59  60  61  62  63  64  65  66  67  68  69  70  71
  72  73  74  75  76  77  78  79  80  81  82  83  84  85  86  87  88  89
  90  91  92  93  94  95  96  97  98  99 100 101 102 103 104 105 106 107
 108 109 110 111 112]
xLP after grid:  [1.00000000e-08 1.10000000e-08 1.21000000e-08 1.33100000e-08
 1.46410000e-08 1.61051000e-08 1.77156100e-08 1.94871710e-08
 2.14358881e-08 2.35794769e-08 2.59374246e-08 2.85311671e-08
 3.13842838e-08 3.45227121e-08 3.79749834e-08 4.17724817e-08
 4.59497299e-08 5.05447028e-08 5.55991731e-08 6.11590904e-08
 6.72749995e-08 7.40024994e-08 8.14027494e-08 8.95430243e-08
 9.84973268e-08 1.08347059e-07 1.19181765e-07 1.31099942e-07
 1.44209936e-07 1.58630930e-07 1.74494023e-07 1.91943425e-07
 2.11137767e-07 2.32251544e-07 2.55476699e-07 2.81024368e-07
 3.09126805e-07 3.40039486e-07 3.74043434e-07 4.11447778e-07
 4.52592556e-07 4.97851811e-07 5.47636992e-07 6.02400692e-07
 6.62640761e-07 7.28904837e-07 8.01795321e-07 8.81974853e-07
 9.70172338e-07 1.06718957e-06 1.17390853e-06 1.29129938e-06
 1.42042932e-06 1.56247225e-06 1.71871948e-06 1.89059142e-06
 2.07965057e-06 2.28761562e-06 2.51637719e-06 2.76801490e-06
 3.04481640e-06 3.34929803e-06 3.68422784e-06 4.05265062e-06
 4.45791568e-06 4.90370725e-06 5.39407798e-06 5.93348578e-06
 6.52683435e-06 7.17951779e-06 7.89746957e-06 8.68721652e-06
 9.55593818e-06 1.05115320e-05 1.15626852e-05 1.27189537e-05
 1.39908491e-05 1.53899340e-05 1.69289274e-05 1.86218201e-05
 2.04840021e-05 2.25324024e-05 2.47856426e-05 2.72642069e-05
 2.99906275e-05 3.29896903e-05 3.62886593e-05 3.99175253e-05
 4.39092778e-05 4.83002056e-05 5.31302261e-05 5.84432487e-05
 6.42875736e-05 7.07163310e-05 7.77879641e-05 8.55667605e-05
 9.41234365e-05 1.03535780e-04 1.13889358e-04 1.25278294e-04
 1.37806123e-04 1.51586736e-04 1.66745409e-04 1.83419950e-04
 2.01761945e-04 2.21938140e-04 2.44131954e-04 2.68545149e-04
 2.95399664e-04 3.24939630e-04 3.57433594e-04 3.93176953e-04
 4.32494648e-04]
xLP size after grid:  113
szLPf:  6
fLP.size:  6
objf.size:  125
objf[szLPx::2].size:  6
objf after first:  [0.         0.         0.         0.         0.         0.
 0.         0.         0.         0.         0.         0.
 0.         0.         0.         0.         0.         0.
 0.         0.         0.         0.         0.         0.
 0.         0.         0.         0.         0.         0.
 0.         0.         0.         0.         0.         0.
 0.         0.         0.         0.         0.         0.
 0.         0.         0.         0.         0.         0.
 0.         0.         0.         0.         0.         0.
 0.         0.         0.         0.         0.         0.
 0.         0.         0.         0.         0.         0.
 0.         0.         0.         0.         0.         0.
 0.         0.         0.         0.         0.         0.
 0.         0.         0.         0.         0.         0.
 0.         0.         0.         0.         0.         0.
 0.         0.         0.         0.         0.         0.
 0.         0.         0.         0.         0.         0.
 0.         0.         0.         0.         0.         0.
 0.         0.         0.         0.         0.         0.01048573
 0.         0.04816831 0.         0.25819889 0.         0.70710678
 0.         1.         0.         1.         0.        ]
objf[szLPx + 1::2].size:  6
objf after second:  [0.         0.         0.         0.         0.         0.
 0.         0.         0.         0.         0.         0.
 0.         0.         0.         0.         0.         0.
 0.         0.         0.         0.         0.         0.
 0.         0.         0.         0.         0.         0.
 0.         0.         0.         0.         0.         0.
 0.         0.         0.         0.         0.         0.
 0.         0.         0.         0.         0.         0.
 0.         0.         0.         0.         0.         0.
 0.         0.         0.         0.         0.         0.
 0.         0.         0.         0.         0.         0.
 0.         0.         0.         0.         0.         0.
 0.         0.         0.         0.         0.         0.
 0.         0.         0.         0.         0.         0.
 0.         0.         0.         0.         0.         0.
 0.         0.         0.         0.         0.         0.
 0.         0.         0.         0.         0.         0.
 0.         0.         0.         0.         0.         0.
 0.         0.         0.         0.         0.         0.01048573
 0.01048573 0.04816831 0.04816831 0.25819889 0.25819889 0.70710678
 0.70710678 1.         1.         1.         1.        ]
A.shape:  (12, 125)
A:  [[0. 0. 0. ... 0. 0. 0.]
 [0. 0. 0. ... 0. 0. 0.]
 [0. 0. 0. ... 0. 0. 0.]
 ...
 [0. 0. 0. ... 0. 0. 0.]
 [0. 0. 0. ... 0. 0. 0.]
 [0. 0. 0. ... 0. 0. 0.]]
b.size:  12
A after:  [[ 9.99900005e-05  1.09987901e-04  1.20985360e-04 ...  0.00000000e+00
   0.00000000e+00  0.00000000e+00]
 [-9.99900005e-05 -1.09987901e-04 -1.20985360e-04 ...  0.00000000e+00
   0.00000000e+00  0.00000000e+00]
 [ 4.99950002e-09  6.04933454e-09  7.31961427e-09 ...  0.00000000e+00
   0.00000000e+00  0.00000000e+00]
 ...
 [-8.33250004e-23 -1.34194404e-22 -2.16119053e-22 ... -1.00000000e+00
   0.00000000e+00  0.00000000e+00]
 [ 1.38875001e-27  2.46023075e-27  4.35840090e-27 ...  0.00000000e+00
  -1.00000000e+00  0.00000000e+00]
 [-1.38875001e-27 -2.46023075e-27 -4.35840090e-27 ...  0.00000000e+00
   0.00000000e+00 -1.00000000e+00]]
b after:  [9.09400000e+03 4.29495820e+09 4.30000000e+02 4.29496687e+09
 1.40000000e+01 4.29496728e+09 1.00000000e+00 4.29496730e+09
 0.00000000e+00 0.00000000e+00 0.00000000e+00 0.00000000e+00]
Aeq.size:  125
Aeq:  [0. 0. 0. 0. 0. 0. 0. 0. 0. 0. 0. 0. 0. 0. 0. 0. 0. 0. 0. 0. 0. 0. 0. 0.
 0. 0. 0. 0. 0. 0. 0. 0. 0. 0. 0. 0. 0. 0. 0. 0. 0. 0. 0. 0. 0. 0. 0. 0.
 0. 0. 0. 0. 0. 0. 0. 0. 0. 0. 0. 0. 0. 0. 0. 0. 0. 0. 0. 0. 0. 0. 0. 0.
 0. 0. 0. 0. 0. 0. 0. 0. 0. 0. 0. 0. 0. 0. 0. 0. 0. 0. 0. 0. 0. 0. 0. 0.
 0. 0. 0. 0. 0. 0. 0. 0. 0. 0. 0. 0. 0. 0. 0. 0. 0. 0. 0. 0. 0. 0. 0. 0.
 0. 0. 0. 0. 0.]
Aeq with xLP:  [1.00000000e-08 1.10000000e-08 1.21000000e-08 1.33100000e-08
 1.46410000e-08 1.61051000e-08 1.77156100e-08 1.94871710e-08
 2.14358881e-08 2.35794769e-08 2.59374246e-08 2.85311671e-08
 3.13842838e-08 3.45227121e-08 3.79749834e-08 4.17724817e-08
 4.59497299e-08 5.05447028e-08 5.55991731e-08 6.11590904e-08
 6.72749995e-08 7.40024994e-08 8.14027494e-08 8.95430243e-08
 9.84973268e-08 1.08347059e-07 1.19181765e-07 1.31099942e-07
 1.44209936e-07 1.58630930e-07 1.74494023e-07 1.91943425e-07
 2.11137767e-07 2.32251544e-07 2.55476699e-07 2.81024368e-07
 3.09126805e-07 3.40039486e-07 3.74043434e-07 4.11447778e-07
 4.52592556e-07 4.97851811e-07 5.47636992e-07 6.02400692e-07
 6.62640761e-07 7.28904837e-07 8.01795321e-07 8.81974853e-07
 9.70172338e-07 1.06718957e-06 1.17390853e-06 1.29129938e-06
 1.42042932e-06 1.56247225e-06 1.71871948e-06 1.89059142e-06
 2.07965057e-06 2.28761562e-06 2.51637719e-06 2.76801490e-06
 3.04481640e-06 3.34929803e-06 3.68422784e-06 4.05265062e-06
 4.45791568e-06 4.90370725e-06 5.39407798e-06 5.93348578e-06
 6.52683435e-06 7.17951779e-06 7.89746957e-06 8.68721652e-06
 9.55593818e-06 1.05115320e-05 1.15626852e-05 1.27189537e-05
 1.39908491e-05 1.53899340e-05 1.69289274e-05 1.86218201e-05
 2.04840021e-05 2.25324024e-05 2.47856426e-05 2.72642069e-05
 2.99906275e-05 3.29896903e-05 3.62886593e-05 3.99175253e-05
 4.39092778e-05 4.83002056e-05 5.31302261e-05 5.84432487e-05
 6.42875736e-05 7.07163310e-05 7.77879641e-05 8.55667605e-05
 9.41234365e-05 1.03535780e-04 1.13889358e-04 1.25278294e-04
 1.37806123e-04 1.51586736e-04 1.66745409e-04 1.83419950e-04
 2.01761945e-04 2.21938140e-04 2.44131954e-04 2.68545149e-04
 2.95399664e-04 3.24939630e-04 3.57433594e-04 3.93176953e-04
 4.32494648e-04 0.00000000e+00 0.00000000e+00 0.00000000e+00
 0.00000000e+00 0.00000000e+00 0.00000000e+00 0.00000000e+00
 0.00000000e+00 0.00000000e+00 0.00000000e+00 0.00000000e+00
 0.00000000e+00]
beq:  1
rescaled A:  [[ 9.99900005e+03  9.99890006e+03  9.99879007e+03 ...  0.00000000e+00
   0.00000000e+00  0.00000000e+00]
 [-9.99900005e+03 -9.99890006e+03 -9.99879007e+03 ...  0.00000000e+00
   0.00000000e+00  0.00000000e+00]
 [ 4.99950002e-01  5.49939503e-01  6.04926799e-01 ...  0.00000000e+00
   0.00000000e+00  0.00000000e+00]
 ...
 [-8.33250004e-15 -1.21994913e-14 -1.78610788e-14 ... -1.00000000e+00
   0.00000000e+00  0.00000000e+00]
 [ 1.38875001e-19  2.23657341e-19  3.60198422e-19 ...  0.00000000e+00
  -1.00000000e+00  0.00000000e+00]
 [-1.38875001e-19 -2.23657341e-19 -3.60198422e-19 ...  0.00000000e+00
   0.00000000e+00 -1.00000000e+00]]
rescaled b:  [9.09400000e+03 4.29495820e+09 4.30000000e+02 4.29496687e+09
 1.40000000e+01 4.29496728e+09 1.00000000e+00 4.29496730e+09
 0.00000000e+00 0.00000000e+00 0.00000000e+00 0.00000000e+00]
maximum number of iterations reached--try increasing maxLPIters
res.fun:  0.03396126523360816
objf2[:szLPx] = 1:  [1. 1. 1. 1. 1. 1. 1. 1. 1. 1. 1. 1. 1. 1. 1. 1. 1. 1. 1. 1. 1. 1. 1. 1.
 1. 1. 1. 1. 1. 1. 1. 1. 1. 1. 1. 1. 1. 1. 1. 1. 1. 1. 1. 1. 1. 1. 1. 1.
 1. 1. 1. 1. 1. 1. 1. 1. 1. 1. 1. 1. 1. 1. 1. 1. 1. 1. 1. 1. 1. 1. 1. 1.
 1. 1. 1. 1. 1. 1. 1. 1. 1. 1. 1. 1. 1. 1. 1. 1. 1. 1. 1. 1. 1. 1. 1. 1.
 1. 1. 1. 1. 1. 1. 1. 1. 1. 1. 1. 1. 1. 1. 1. 1. 1. 0. 0. 0. 0. 0. 0. 0.
 0. 0. 0. 0. 0.]
A2.shape:  (13, 125)
A2:  [[ 9.99900005e+03  9.99890006e+03  9.99879007e+03 ...  0.00000000e+00
   0.00000000e+00  0.00000000e+00]
 [-9.99900005e+03 -9.99890006e+03 -9.99879007e+03 ...  0.00000000e+00
   0.00000000e+00  0.00000000e+00]
 [ 4.99950002e-01  5.49939503e-01  6.04926799e-01 ...  0.00000000e+00
   0.00000000e+00  0.00000000e+00]
 ...
 [ 1.38875001e-19  2.23657341e-19  3.60198422e-19 ...  0.00000000e+00
  -1.00000000e+00  0.00000000e+00]
 [-1.38875001e-19 -2.23657341e-19 -3.60198422e-19 ...  0.00000000e+00
   0.00000000e+00 -1.00000000e+00]
 [ 0.00000000e+00  0.00000000e+00  0.00000000e+00 ...  1.00000000e+00
   1.00000000e+00  1.00000000e+00]]
b2.shape:  (13,)
b2:  [9.09400000e+03 4.29495820e+09 4.30000000e+02 4.29496687e+09
 1.40000000e+01 4.29496728e+09 1.00000000e+00 4.29496730e+09
 0.00000000e+00 0.00000000e+00 0.00000000e+00 0.00000000e+00
 5.33961265e-01]
objf2 after rescaling:  [1.00000000e+08 9.09090909e+07 8.26446281e+07 7.51314801e+07
 6.83013455e+07 6.20921323e+07 5.64473930e+07 5.13158118e+07
 4.66507380e+07 4.24097618e+07 3.85543289e+07 3.50493899e+07
 3.18630818e+07 2.89664380e+07 2.63331254e+07 2.39392049e+07
 2.17629136e+07 1.97844669e+07 1.79858790e+07 1.63507991e+07
 1.48643628e+07 1.35130571e+07 1.22845974e+07 1.11678158e+07
 1.01525598e+07 9.22959982e+06 8.39054529e+06 7.62776844e+06
 6.93433495e+06 6.30394086e+06 5.73085533e+06 5.20986848e+06
 4.73624407e+06 4.30567643e+06 3.91425130e+06 3.55841027e+06
 3.23491843e+06 2.94083494e+06 2.67348631e+06 2.43044210e+06
 2.20949282e+06 2.00862983e+06 1.82602712e+06 1.66002465e+06
 1.50911332e+06 1.37192120e+06 1.24720109e+06 1.13381918e+06
 1.03074470e+06 9.37040641e+05 8.51855128e+05 7.74413753e+05
 7.04012502e+05 6.40011366e+05 5.81828514e+05 5.28935013e+05
 4.80850012e+05 4.37136374e+05 3.97396704e+05 3.61269731e+05
 3.28427028e+05 2.98570026e+05 2.71427296e+05 2.46752087e+05
 2.24320079e+05 2.03927345e+05 1.85388495e+05 1.68534996e+05
 1.53213632e+05 1.39285120e+05 1.26622837e+05 1.15111670e+05
 1.04646973e+05 9.51336114e+04 8.64851013e+04 7.86228193e+04
 7.14752903e+04 6.49775366e+04 5.90704879e+04 5.37004435e+04
 4.88185850e+04 4.43805318e+04 4.03459380e+04 3.66781255e+04
 3.33437504e+04 3.03125004e+04 2.75568185e+04 2.50516532e+04
 2.27742302e+04 2.07038456e+04 1.88216778e+04 1.71106162e+04
 1.55551057e+04 1.41410051e+04 1.28554592e+04 1.16867811e+04
 1.06243465e+04 9.65849679e+03 8.78045162e+03 7.98222875e+03
 7.25657159e+03 6.59688326e+03 5.99716660e+03 5.45196964e+03
 4.95633604e+03 4.50576003e+03 4.09614548e+03 3.72376862e+03
 3.38524420e+03 3.07749473e+03 2.79772248e+03 2.54338407e+03
 2.31216734e+03 0.00000000e+00 0.00000000e+00 0.00000000e+00
 0.00000000e+00 0.00000000e+00 0.00000000e+00 0.00000000e+00
 0.00000000e+00 0.00000000e+00 0.00000000e+00 0.00000000e+00
 0.00000000e+00]
LP2 solution was not found
res2.x.size:  125
res2.x:  [0.00000000e+00 0.00000000e+00 0.00000000e+00 0.00000000e+00
 0.00000000e+00 1.46315546e-01 0.00000000e+00 0.00000000e+00
 0.00000000e+00 0.00000000e+00 0.00000000e+00 0.00000000e+00
 0.00000000e+00 0.00000000e+00 0.00000000e+00 0.00000000e+00
 0.00000000e+00 0.00000000e+00 0.00000000e+00 0.00000000e+00
 0.00000000e+00 0.00000000e+00 0.00000000e+00 0.00000000e+00
 0.00000000e+00 0.00000000e+00 0.00000000e+00 0.00000000e+00
 0.00000000e+00 0.00000000e+00 0.00000000e+00 0.00000000e+00
 0.00000000e+00 0.00000000e+00 0.00000000e+00 0.00000000e+00
 0.00000000e+00 0.00000000e+00 0.00000000e+00 0.00000000e+00
 0.00000000e+00 0.00000000e+00 0.00000000e+00 0.00000000e+00
 0.00000000e+00 0.00000000e+00 0.00000000e+00 0.00000000e+00
 0.00000000e+00 0.00000000e+00 0.00000000e+00 0.00000000e+00
 0.00000000e+00 0.00000000e+00 0.00000000e+00 0.00000000e+00
 0.00000000e+00 0.00000000e+00 0.00000000e+00 0.00000000e+00
 0.00000000e+00 0.00000000e+00 0.00000000e+00 0.00000000e+00
 0.00000000e+00 0.00000000e+00 0.00000000e+00 0.00000000e+00
 0.00000000e+00 0.00000000e+00 0.00000000e+00 0.00000000e+00
 0.00000000e+00 2.66754956e+04 4.95805360e+04 0.00000000e+00
 0.00000000e+00 0.00000000e+00 0.00000000e+00 0.00000000e+00
 0.00000000e+00 0.00000000e+00 0.00000000e+00 0.00000000e+00
 0.00000000e+00 0.00000000e+00 0.00000000e+00 0.00000000e+00
 0.00000000e+00 0.00000000e+00 0.00000000e+00 0.00000000e+00
 0.00000000e+00 0.00000000e+00 0.00000000e+00 0.00000000e+00
 0.00000000e+00 0.00000000e+00 0.00000000e+00 0.00000000e+00
 0.00000000e+00 0.00000000e+00 0.00000000e+00 0.00000000e+00
 0.00000000e+00 0.00000000e+00 0.00000000e+00 0.00000000e+00
 0.00000000e+00 0.00000000e+00 0.00000000e+00 0.00000000e+00
 0.00000000e+00 0.00000000e+00 0.00000000e+00 0.00000000e+00
 0.00000000e+00 2.02787354e+00 0.00000000e+00 0.00000000e+00
 0.00000000e+00 1.01749847e-02 0.00000000e+00 1.91584481e-04
 0.00000000e+00]
res2.x[:szLPx].size:  113
xLP.size:  113
probx.size:  1
probx:  [0]
histx.size:  1
histx:  [0]
probx.size concat xLP:  114
probx after concat:  [0.00000000e+00 1.00000000e-08 1.10000000e-08 1.21000000e-08
 1.33100000e-08 1.46410000e-08 1.61051000e-08 1.77156100e-08
 1.94871710e-08 2.14358881e-08 2.35794769e-08 2.59374246e-08
 2.85311671e-08 3.13842838e-08 3.45227121e-08 3.79749834e-08
 4.17724817e-08 4.59497299e-08 5.05447028e-08 5.55991731e-08
 6.11590904e-08 6.72749995e-08 7.40024994e-08 8.14027494e-08
 8.95430243e-08 9.84973268e-08 1.08347059e-07 1.19181765e-07
 1.31099942e-07 1.44209936e-07 1.58630930e-07 1.74494023e-07
 1.91943425e-07 2.11137767e-07 2.32251544e-07 2.55476699e-07
 2.81024368e-07 3.09126805e-07 3.40039486e-07 3.74043434e-07
 4.11447778e-07 4.52592556e-07 4.97851811e-07 5.47636992e-07
 6.02400692e-07 6.62640761e-07 7.28904837e-07 8.01795321e-07
 8.81974853e-07 9.70172338e-07 1.06718957e-06 1.17390853e-06
 1.29129938e-06 1.42042932e-06 1.56247225e-06 1.71871948e-06
 1.89059142e-06 2.07965057e-06 2.28761562e-06 2.51637719e-06
 2.76801490e-06 3.04481640e-06 3.34929803e-06 3.68422784e-06
 4.05265062e-06 4.45791568e-06 4.90370725e-06 5.39407798e-06
 5.93348578e-06 6.52683435e-06 7.17951779e-06 7.89746957e-06
 8.68721652e-06 9.55593818e-06 1.05115320e-05 1.15626852e-05
 1.27189537e-05 1.39908491e-05 1.53899340e-05 1.69289274e-05
 1.86218201e-05 2.04840021e-05 2.25324024e-05 2.47856426e-05
 2.72642069e-05 2.99906275e-05 3.29896903e-05 3.62886593e-05
 3.99175253e-05 4.39092778e-05 4.83002056e-05 5.31302261e-05
 5.84432487e-05 6.42875736e-05 7.07163310e-05 7.77879641e-05
 8.55667605e-05 9.41234365e-05 1.03535780e-04 1.13889358e-04
 1.25278294e-04 1.37806123e-04 1.51586736e-04 1.66745409e-04
 1.83419950e-04 2.01761945e-04 2.21938140e-04 2.44131954e-04
 2.68545149e-04 2.95399664e-04 3.24939630e-04 3.57433594e-04
 3.93176953e-04 4.32494648e-04]
histx.size concat res2.x:  126
sorted probx:  [0.00000000e+00 1.00000000e-08 1.10000000e-08 1.21000000e-08
 1.33100000e-08 1.46410000e-08 1.61051000e-08 1.77156100e-08
 1.94871710e-08 2.14358881e-08 2.35794769e-08 2.59374246e-08
 2.85311671e-08 3.13842838e-08 3.45227121e-08 3.79749834e-08
 4.17724817e-08 4.59497299e-08 5.05447028e-08 5.55991731e-08
 6.11590904e-08 6.72749995e-08 7.40024994e-08 8.14027494e-08
 8.95430243e-08 9.84973268e-08 1.08347059e-07 1.19181765e-07
 1.31099942e-07 1.44209936e-07 1.58630930e-07 1.74494023e-07
 1.91943425e-07 2.11137767e-07 2.32251544e-07 2.55476699e-07
 2.81024368e-07 3.09126805e-07 3.40039486e-07 3.74043434e-07
 4.11447778e-07 4.52592556e-07 4.97851811e-07 5.47636992e-07
 6.02400692e-07 6.62640761e-07 7.28904837e-07 8.01795321e-07
 8.81974853e-07 9.70172338e-07 1.06718957e-06 1.17390853e-06
 1.29129938e-06 1.42042932e-06 1.56247225e-06 1.71871948e-06
 1.89059142e-06 2.07965057e-06 2.28761562e-06 2.51637719e-06
 2.76801490e-06 3.04481640e-06 3.34929803e-06 3.68422784e-06
 4.05265062e-06 4.45791568e-06 4.90370725e-06 5.39407798e-06
 5.93348578e-06 6.52683435e-06 7.17951779e-06 7.89746957e-06
 8.68721652e-06 9.55593818e-06 1.05115320e-05 1.15626852e-05
 1.27189537e-05 1.39908491e-05 1.53899340e-05 1.69289274e-05
 1.86218201e-05 2.04840021e-05 2.25324024e-05 2.47856426e-05
 2.72642069e-05 2.99906275e-05 3.29896903e-05 3.62886593e-05
 3.99175253e-05 4.39092778e-05 4.83002056e-05 5.31302261e-05
 5.84432487e-05 6.42875736e-05 7.07163310e-05 7.77879641e-05
 8.55667605e-05 9.41234365e-05 1.03535780e-04 1.13889358e-04
 1.25278294e-04 1.37806123e-04 1.51586736e-04 1.66745409e-04
 1.83419950e-04 2.01761945e-04 2.21938140e-04 2.44131954e-04
 2.68545149e-04 2.95399664e-04 3.24939630e-04 3.57433594e-04
 3.93176953e-04 4.32494648e-04]
sorted_indices:  [  0   1   2   3   4   5   6   7   8   9  10  11  12  13  14  15  16  17
  18  19  20  21  22  23  24  25  26  27  28  29  30  31  32  33  34  35
  36  37  38  39  40  41  42  43  44  45  46  47  48  49  50  51  52  53
  54  55  56  57  58  59  60  61  62  63  64  65  66  67  68  69  70  71
  72  73  74  75  76  77  78  79  80  81  82  83  84  85  86  87  88  89
  90  91  92  93  94  95  96  97  98  99 100 101 102 103 104 105 106 107
 108 109 110 111 112 113]
histx.size:  114
probx.size:  114
histx.size after filter:  3
probx.size after filter:  3
prob:  [-4.16927333e-07 -1.73836221e-04 -1.89629933e-04]
Unseen entropy:  1254283.1858338828
/tmp/ipykernel_12383/2552167283.py:162: RuntimeWarning: overflow encountered in scalar negative
  b[2 * i - 1] = -fLP[i - 1]  # Adjust index for zero-based indexing